Mediterranean Avenue	60	50	2	10	30	90	160	250	30	2	1	#674200
Baltic Avenue	60	50	4	20	60	180	320	450	30	2	3	#674200
Oriental Avenue	100	50	6	30	90	270	400	550	50	3	6	#8B96A4
Vermont Avenue	100	50	6	30	90	270	400	550	50	3	8	#8B96A4
Connecticut Avenue	120	50	8	40	100	300	450	600	60	3	9	#8B96A4
St. Charles Place	140	100	10	50	150	450	625	750	70	3	11	#B03779
States Avenue	140	100	10	50	150	450	625	750	70	3	13	#B03779
Virginia Avenue	160	100	12	60	180	500	700	900	80	3	14	#B03779
St. James Place	180	100	14	70	200	550	750	950	90	3	16	#FF9700
Tennessee Avenue	180	100	14	70	200	550	750	950	90	3	18	#FF9700
New York Avenue	200	100	16	80	220	600	800	1000	100	3	19	#FF9700
Kentucky Avenue	220	150	18	90	250	700	875	1050	110	3	21	#FF0000
Indiana Avenue	220	150	18	90	250	700	875	1050	110	3	23	#FF0000
Illinois Avenue	240	150	20	100	300	750	925	1100	120	3	24	#FF0000
Atlantic Avenue	260	150	22	110	330	800	975	1150	130	3	26	#FDFF00
Ventnor Avenue	260	150	22	110	330	800	975	1150	130	3	27	#FDFF00
Marvin Gardens	280	150	24	120	360	850	1025	1200	140	3	29	#FDFF00
Pacific Avenue	300	200	26	130	390	900	1100	1275	150	3	31	#008D22
North Carolina Avenue	300	200	26	130	390	900	1100	1275	150	3	32	#008D22
Pennsylvania Avenue	320	200	28	150	450	1000	1200	1400	160	3	34	#008D22
Park Place	350	200	35	175	500	1100	1300	1500	175	2	37	#4964B2
Boardwalk	400	200	50	200	600	1400	1700	2000	200	2	39	#4964B2